income       19k       50k        90k
step    1,520.00  5,000.00  10,800.00
model4  1,655.00  5,236.61  11,343.75
model3  1,600.00  4,973.21  10,987.50


10000   1600
15000   1600
20000   1600
25000   2100
30000   2500
35000   3000
40000   3600
45000   4100
50000   4700
55000   5300
60000   5900
65000   6600
70000   7300
75000   8000
80000   8700
85000   9400
90000   10200
95000   11000
100000  11800
105000  12600
110000  13500
115000  13500
120000  13500
125000  13500
130000  13500
135000  13500
140000  13500


inc step
rate = 0.099
4950

model3
rate = 0.101178571
5058.93

ave: 5004.47